10000
0.125000
1.344000
0.131000
0.000000
0.015000
0.000000
0.000000
20000
0.547000
2.562000
0.516000
0.000000
0.016000
0.000000
0.000000
30000
1.234000
3.750000
1.172000
0.016000
0.000000
0.000000
0.015000
40000
2.189000
4.984000
2.079000
0.000000
0.015000
0.000000
0.016000
50000
3.422000
6.158000
3.219000
0.015000
0.016000
0.000000
0.015000
60000
4.938000
7.250000
4.640000
0.016000
0.015000
0.000000
0.016000
70000
6.642000
8.250000
6.314000
0.015000
0.032000
0.000000
0.015000
80000
8.688000
9.438000
8.983000
0.015000
0.032000
0.015000
0.000000
90000
11.237000
10.704000
10.437000
0.016000
0.031000
0.000000
0.016000
100000
13.578000
11.939000
12.891000
0.032000
0.031000
0.000000
0.016000
110000
16.516000
13.236000
15.579000
0.032000
0.031000
0.015000
0.000000
120000
19.611000
14.734000
18.596000
0.047000
0.031000
0.016000
0.016000
130000
23.345000
15.924000
21.782000
0.063000
0.031000
0.016000
0.015000
140000
26.596000
17.392000
25.409000
0.032000
0.046000
0.016000
0.016000
150000
30.578000
18.829000
28.970000
0.047000
0.047000
0.015000
0.000000
160000
34.829000
20.345000
32.986000
0.047000
0.031000
0.031000
0.016000
170000
39.282000
21.923000
37.204000
0.031000
0.047000
0.016000
0.015000
180000
44.034000
23.454000
41.736000
0.046000
0.047000
0.016000
0.015000
190000
49.036000
25.081000
46.579000
0.047000
0.047000
0.015000
0.016000
200000
54.285000
26.765000
51.550000
0.062000
0.047000
0.031000
0.016000
210000
60.020000
28.486000
56.768000
0.047000
0.046000
0.032000
0.015000
220000
65.845000
30.253000
62.316000
0.046000
0.063000
0.016000
0.031000
230000
71.958000
32.001000
68.269000
0.047000
0.063000
0.031000
0.015000
240000
78.442000
33.844000
74.162000
0.047000
0.063000
0.031000
0.016000
250000
85.019000
38.336000
80.471000
0.063000
0.078000
0.015000
0.032000
260000
92.116000
37.705000
87.410000
0.078000
0.078000
0.031000
0.016000
270000
99.255000
39.612000
93.840000
0.078000
0.078000
0.031000
0.016000
280000
106.787000
41.581000
100.926000
0.079000
0.078000
0.032000
0.015000
290000
114.742000
43.673000
108.273000
0.094000
0.078000
0.016000
0.031000
300000
122.631000
45.720000
115.976000
0.078000
0.094000
0.031000
0.031000
310000
130.839000
48.893000
125.693000
0.094000
0.094000
0.031000
0.032000
320000
146.839000
50.065000
131.868000
0.078000
0.094000
0.031000
0.031000
330000
148.432000
52.300000
140.243000
0.094000
0.093000
0.032000
0.031000
340000
157.509000
54.470000
148.885000
0.125000
0.094000
0.031000
0.032000
350000
167.074000
56.785000
157.789000
0.110000
0.093000
0.032000
0.031000
360000
176.724000
59.519000
166.946000
0.094000
0.109000
0.032000
0.031000
370000
186.570000
61.458000
176.445000
0.094000
0.110000
0.031000
0.031000
380000
196.915000
63.829000
185.994000
0.093000
0.110000
0.047000
0.031000
390000
207.353000
66.440000
195.945000
0.094000
0.110000
0.031000
0.032000
400000
218.948000
69.583000
206.137000
0.093000
0.110000
0.047000
0.031000
410000
229.450000
71.317000
216.667000
0.109000
0.110000
0.046000
0.032000
420000
240.933000
74.191000
227.462000
0.110000
0.109000
0.031000
0.031000
430000
252.467000
79.568000
238.448000
0.110000
0.125000
0.047000
0.031000
440000
264.716000
79.162000
249.733000
0.079000
0.125000
0.046000
0.047000
450000
276.890000
82.257000
261.115000
0.109000
0.125000
0.047000
0.047000
460000
289.843000
84.632000
272.918000
0.110000
0.125000
0.047000
0.046000
470000
302.078000
90.972000
284.873000
0.078000
0.125000
0.047000
0.031000
480000
315.185000
90.254000
297.203000
0.109000
0.125000
0.062000
0.031000
490000
328.533000
93.208000
309.689000
0.109000
0.141000
0.047000
0.047000
500000
342.264000
95.974000
322.362000
0.094000
0.141000
0.047000
0.047000