23
15
84
69
60
92
7
2
2
13
63
3
26
62
30
61
70
73
24
27
92
40
94
73
63
45
50
40
58
71
57
38
94
10
40
95
7
57
43
40
49
18
43
75
51
42
10
96
24
33
32
54
37
56
48
52
35
4
80
61
21
2
33
66
49
38
62
8
36
89
50
94
27
50
36
8
79
70
7
52
31
6
26
55
21
13
45
12
5
67
89
80
5
49
21
45
42
42
69
13
55
82
99
45
76
69
84
27
32
21
28
63
87
24
1
5
94
48
93
55
15
60
18
4
53
12
49
42
16
7
2
40
93
84
67
19
8
70
87
83
41
85
90
4
25
54
10
97
57
21
71
99
40
48
98
66
89
74
54
9
51
21
61
55
20
1
6
59
32
23
75
60
90
8
84
95
39
34
0
93
90
79
36
39
24
67
82
61
85
8
80
71
26
72
33
46
29
20
71
78
86
62
61
30
75
88
7
5
22
6
36
44
94
19
47
80
71
21
49
45
66
7
78
99
19
88
34
64
57
48
30
74
79
92
87
34
45
75
99
41
71
47
13
98
79
30
41
41
53
17
68
70
34
44
41
9
73
28
2
53
26
50
57
18
48
25
17
35
94
73
35
59
76
73
12
68
43
46
62
50
78
32
99
81
10
54
0
29
97
25
62
21
38
38
61
62
64
37
39
93
67
8
3
28
63
63
9
89
28
60
93
47
14
15
93
53
30
52
96
0
97
51
69
4
79
84
1
2
30
79
32
97
24
22
64
23
55
43
31
61
96
51
58
85
97
48
55
54
79
9
9
37
14
42
64
99
19
71
3
79
84
1
0
98
42
49
18
36
75
99
34
13
21
49
22
27
64
83
52
49
91
50
58
69
52
74
82
66
73
45
67
81
57
93
68
4
79
67
41
0
45
60
0
32
29
72
25
13
13
46
73
29
16
83
7
70
19
91
13
87
40
96
6
2
85
44
88
56
9
49
11
61
52
22
26
70
95
57
46
32
45
95
29
14
84
40
58
58
16
40
37
12
2
73
99
52
32
17
67
89
55
18
87
78
16
49
11
71
39
96
6
79
25
27
25
53
77
1
52
97
45
74
27
52
90
43
8
18
30
10
6
63
88
84
99
84
89
80
1
76
33
97
97
98
51
74
89
21
58
5
76
93
76
45
47
76
16
60
26
65
43
89
24
3
30
41
15
61
55
85
72
20
33
91
22
10
85
72
4
22
38
5
83
0
7
13
48
83
8
63
95
36
99
60
6
60
16
6
17
0
30
74
57
32
39
95
57
46
89
61
79
57
79
45
8
50
40
37
7
33
10
79
59
51
94
61
51
82
66
15
18
38
30
92
44
3
39
46
83
50
93
12
13
53
56
21
21
49
38
47
27
14
50
21
6
42
56
68
56
42
47
56
48
89
35
55
80
85
97
98
24
11
88
74
63
30
97
81
2
19
33
9
97
11
69
21
95
90
9
99
73
42
9
36
71
79
94
78
33
94
65
27
79
28
34
95
8
40
74
60
72
91
52
28
69
35
89
98
26
14
14
33
77
17
51
53
63
48
17
87
1
3
76
31
17
45
54
91
89
28
11
11
23
10
25
76
14
59
19
26
8
82
25
57
69
88
54
53
35
74
50
36
65
51
8
24
17
19
6
18
65
33
48
79
58
63
47
28
28
81
48
95
25
39
68
60
4
13
16
5
43
55
3
22
72
34
27
75
32
16
13
32
57
24
5
21
50
50
10
98
69
35
78
18
64
8
97
70
31
3
14
61
84
27
18
41
84
81
43
72
21
19
63
96
73
27
55
88
50
47
6
68
78
41
31
27
90
25
34
47
89
38
44
64
94
40
37
92
25
79
86
23
85
13
77
71
48
5
80
79
47
11
27
55
26
53
41
6
38
35
29
90
71
55
51
8
80
24
34
49
44
44
30
24
0
4
5
93
39
39
49
81
5
77
62
51
3
17
62
58
57
61
72
0
0
21
25
39
63
19
48
50
13
53
69
54
77
3
68
30
93
79
83
67
95
22
33
44
29
8
24
45
94
75
78
86
17
96
76
90
98
39
82
4
91
45
46
83
9
2
14
57
83
64
76
65
61
36
61
65
9
63
13
73
46
22
31
18
90
37
94
81
18
50
78
59
67
88
48
97
91
6
96
16
72
66
14
55
57
89
35
44
42
45
24
75
77
28
47
8
78
27
85
88
30
59
35
63
48
11
49
69
92
26
60
53
81
50
92
69
40
93
37
47
50
14
41
35
94
64